list(theta=c(-4.00000E+00,-4.00000E+00,-4.00000E+00,-4.00000E+00), mu=3.00000E+00, tau=5.00000E+00)